# This file may be used to create an environment using:
# $ conda create --name <env> --file <this file>
# platform: win-64
# created-by: conda 25.1.1
blinker=1.9.0=pyhff2d567_0
bzip2=1.0.8=h2466b09_7
ca-certificates=2025.6.15=h4c7d964_0
click=8.2.1=pyh7428d3b_0
colorama=0.4.6=pyhd8ed1ab_1
et_xmlfile=2.0.0=pyhd8ed1ab_1
flask=3.1.1=pyhd8ed1ab_0
flask-cors=6.0.1=pyhe01879c_0
importlib-metadata=8.7.0=pyhe01879c_1
intel-openmp=2024.2.1=h57928b3_1083
itsdangerous=2.2.0=pyhd8ed1ab_1
jinja2=3.1.6=pyhd8ed1ab_0
libblas=3.9.0=32_h641d27c_mkl
libcblas=3.9.0=32_h5e41251_mkl
libexpat=2.7.0=he0c23c2_0
libffi=3.4.6=h537db12_1
libhwloc=2.11.2=default_ha69328c_1001
libiconv=1.18=h135ad9c_1
liblapack=3.9.0=32_h1aa476e_mkl
liblzma=5.8.1=h2466b09_2
libmpdec=4.0.0=h2466b09_0
libsqlite=3.50.1=h67fdade_0
libwinpthread=12.0.0.r4.gg4f2fc60ca=h57928b3_9
libxml2=2.13.8=h442d1da_0
libzlib=1.3.1=h2466b09_2
markupsafe=3.0.2=py313hb4c8b1a_1
mkl=2024.2.2=h66d3029_15
numpy=2.3.0=py313hefb8edb_0
openpyxl=3.1.5=py313he57e174_1
openssl=3.5.0=ha4e3fda_1
pandas=2.3.0=py313hf91d08e_0
pip=25.1.1=pyh145f28c_0
python=3.13.5=h7de537c_102_cp313
python-dateutil=2.9.0.post0=pyhff2d567_1
python-tzdata=2025.2=pyhd8ed1ab_0
python_abi=3.13=7_cp313
pytz=2025.2=pyhd8ed1ab_0
six=1.17.0=pyhd8ed1ab_0
tbb=2021.13.0=h62715c5_1
tk=8.6.13=h2c6b04d_2
tzdata=2025b=h78e105d_0
ucrt=10.0.22621.0=h57928b3_1
vc=14.3=h41ae7f8_26
vc14_runtime=14.44.35208=h818238b_26
werkzeug=3.1.3=pyhd8ed1ab_1
xlsxwriter=3.2.3=pyhd8ed1ab_0
zipp=3.23.0=pyhd8ed1ab_0
